4.132999999999999829e+01
4.170000000000000284e+01
4.207999999999999829e+01
4.236999999999999744e+01
4.256000000000000227e+01
4.257999999999999829e+01
4.253000000000000114e+01
4.247999999999999687e+01
4.235999999999999943e+01
4.207999999999999829e+01
4.175999999999999801e+01
4.159000000000000341e+01
4.135999999999999943e+01
4.089000000000000057e+01
4.035000000000000142e+01
3.984000000000000341e+01
3.934000000000000341e+01
3.881000000000000227e+01
3.832999999999999829e+01
3.800000000000000000e+01
3.771999999999999886e+01
3.739999999999999858e+01
3.704999999999999716e+01
3.654999999999999716e+01
3.610999999999999943e+01
3.603000000000000114e+01
3.599000000000000199e+01
3.571999999999999886e+01
3.543999999999999773e+01
3.532000000000000028e+01
3.532000000000000028e+01
3.547999999999999687e+01
3.570000000000000284e+01
3.585000000000000142e+01
3.600999999999999801e+01
3.627000000000000313e+01
3.657999999999999829e+01
3.692000000000000171e+01
3.728000000000000114e+01
3.760000000000000142e+01
3.803999999999999915e+01
3.889000000000000057e+01
3.965999999999999659e+01
3.975999999999999801e+01
3.971000000000000085e+01
3.985000000000000142e+01
4.006000000000000227e+01
4.034000000000000341e+01
4.063000000000000256e+01
4.089000000000000057e+01
4.114000000000000057e+01
4.136999999999999744e+01
4.163000000000000256e+01
4.196000000000000085e+01
4.229999999999999716e+01
4.254999999999999716e+01
4.279999999999999716e+01
4.310999999999999943e+01
4.342999999999999972e+01
4.371999999999999886e+01
4.402000000000000313e+01
4.438000000000000256e+01
4.471000000000000085e+01
4.485999999999999943e+01
4.502000000000000313e+01
4.538000000000000256e+01
4.575999999999999801e+01
4.599000000000000199e+01
4.621000000000000085e+01
4.650000000000000000e+01
4.681000000000000227e+01
4.714000000000000057e+01
4.739999999999999858e+01
4.739000000000000057e+01
4.742000000000000171e+01
4.785999999999999943e+01
4.835999999999999943e+01
4.864999999999999858e+01
4.889999999999999858e+01
4.918999999999999773e+01
4.952000000000000313e+01
4.990999999999999659e+01
5.029999999999999716e+01
5.063000000000000256e+01
5.092000000000000171e+01
5.114000000000000057e+01
5.135999999999999943e+01
5.168999999999999773e+01
5.199000000000000199e+01
5.214000000000000057e+01
5.234000000000000341e+01
5.285000000000000142e+01
5.342000000000000171e+01
5.389000000000000057e+01
5.425000000000000000e+01
5.434000000000000341e+01
5.438000000000000256e+01
5.457000000000000028e+01
5.475999999999999801e+01
5.486999999999999744e+01
5.492000000000000171e+01
5.489000000000000057e+01
5.477000000000000313e+01
5.457999999999999829e+01
5.421999999999999886e+01
5.350000000000000000e+01
5.268999999999999773e+01
5.200999999999999801e+01
5.138000000000000256e+01
5.074000000000000199e+01
5.021000000000000085e+01
4.989000000000000057e+01
4.971999999999999886e+01
4.970000000000000284e+01
4.974000000000000199e+01
4.970000000000000284e+01
4.971000000000000085e+01
4.996999999999999886e+01
5.003999999999999915e+01
4.934000000000000341e+01
4.853999999999999915e+01
4.821000000000000085e+01
4.803999999999999915e+01
4.784000000000000341e+01
4.775999999999999801e+01
4.796000000000000085e+01
4.824000000000000199e+01
4.842999999999999972e+01
4.863000000000000256e+01
4.889999999999999858e+01
4.920000000000000284e+01
4.957000000000000028e+01
4.990999999999999659e+01
5.017999999999999972e+01
5.031000000000000227e+01
5.017000000000000171e+01
4.985000000000000142e+01
4.939000000000000057e+01
4.886999999999999744e+01
4.836999999999999744e+01
4.784000000000000341e+01
4.720000000000000284e+01
4.657000000000000028e+01
4.610999999999999943e+01
4.571000000000000085e+01
4.535000000000000142e+01
4.496000000000000085e+01
4.439999999999999858e+01
4.386999999999999744e+01
4.360999999999999943e+01
4.338000000000000256e+01
4.296999999999999886e+01
4.259000000000000341e+01
4.242000000000000171e+01
4.232999999999999829e+01
4.229999999999999716e+01
4.225000000000000000e+01
4.204999999999999716e+01
4.189999999999999858e+01
4.202000000000000313e+01
4.221999999999999886e+01
4.234000000000000341e+01
4.247999999999999687e+01
4.272999999999999687e+01
4.299000000000000199e+01
4.320000000000000284e+01
4.338000000000000256e+01
4.353999999999999915e+01
4.367999999999999972e+01
4.381000000000000227e+01
4.389000000000000057e+01
4.390999999999999659e+01
4.385999999999999943e+01
4.381000000000000227e+01
4.361999999999999744e+01
4.317000000000000171e+01
4.254999999999999716e+01
4.175000000000000000e+01
4.092999999999999972e+01
4.027000000000000313e+01
3.971999999999999886e+01
3.934000000000000341e+01
3.892000000000000171e+01
3.811999999999999744e+01
3.742999999999999972e+01
3.746000000000000085e+01
3.757999999999999829e+01
3.728000000000000114e+01
3.675000000000000000e+01
3.597999999999999687e+01
3.510000000000000142e+01
3.427000000000000313e+01
3.346999999999999886e+01
3.272999999999999687e+01
3.203000000000000114e+01
3.142000000000000171e+01
3.078000000000000114e+01
2.987999999999999901e+01
2.912999999999999901e+01
2.896999999999999886e+01
2.907999999999999829e+01
2.932999999999999829e+01
2.960999999999999943e+01
2.973000000000000043e+01
2.987999999999999901e+01
3.028999999999999915e+01
3.071000000000000085e+01
3.085999999999999943e+01
3.103000000000000114e+01
3.155999999999999872e+01
3.202000000000000313e+01
3.189999999999999858e+01
3.180999999999999872e+01
3.238000000000000256e+01
3.304999999999999716e+01
3.339000000000000057e+01
3.361999999999999744e+01
3.375999999999999801e+01
3.396000000000000085e+01
3.452000000000000313e+01
3.507999999999999829e+01
3.524000000000000199e+01
3.534000000000000341e+01
3.560999999999999943e+01
3.592000000000000171e+01
3.614999999999999858e+01
3.642999999999999972e+01
3.693999999999999773e+01
3.742000000000000171e+01
3.760999999999999943e+01
3.775000000000000000e+01
3.803999999999999915e+01
3.835999999999999943e+01
3.860999999999999943e+01
3.889999999999999858e+01
3.927000000000000313e+01
3.981000000000000227e+01
4.075000000000000000e+01
4.160999999999999943e+01
4.189999999999999858e+01
4.186999999999999744e+01
4.149000000000000199e+01
4.115999999999999659e+01
4.142999999999999972e+01
4.186999999999999744e+01
4.225999999999999801e+01
4.259000000000000341e+01
4.270000000000000284e+01
4.282000000000000028e+01
4.318999999999999773e+01
4.365999999999999659e+01
4.422999999999999687e+01
4.471000000000000085e+01
4.484000000000000341e+01
4.484000000000000341e+01
4.482999999999999829e+01
4.488000000000000256e+01
4.510000000000000142e+01
4.549000000000000199e+01
4.617999999999999972e+01
4.678999999999999915e+01
4.679999999999999716e+01
4.674000000000000199e+01
4.706000000000000227e+01
4.747999999999999687e+01
4.788000000000000256e+01
4.824000000000000199e+01
4.845000000000000284e+01
4.861999999999999744e+01
4.878999999999999915e+01
4.899000000000000199e+01
4.924000000000000199e+01
4.953000000000000114e+01
4.989000000000000057e+01
5.021999999999999886e+01
5.040999999999999659e+01
5.053000000000000114e+01
5.061999999999999744e+01
5.078000000000000114e+01
5.121000000000000085e+01
5.167000000000000171e+01
5.197999999999999687e+01
5.222999999999999687e+01
5.246000000000000085e+01
5.268999999999999773e+01
5.300000000000000000e+01
5.329999999999999716e+01
5.356000000000000227e+01
5.377000000000000313e+01
5.392000000000000171e+01
5.407999999999999829e+01
5.435999999999999943e+01
5.465999999999999659e+01
5.489000000000000057e+01
5.510999999999999943e+01
5.531000000000000227e+01
5.550999999999999801e+01
5.571999999999999886e+01
5.597999999999999687e+01
5.636999999999999744e+01
5.674000000000000199e+01
5.695000000000000284e+01
5.709000000000000341e+01
5.722999999999999687e+01
5.738000000000000256e+01
5.756000000000000227e+01
5.777000000000000313e+01
5.802000000000000313e+01
5.820000000000000284e+01
5.817999999999999972e+01
5.799000000000000199e+01
5.761999999999999744e+01
5.711999999999999744e+01
5.650999999999999801e+01
5.585000000000000142e+01
5.521999999999999886e+01
5.460999999999999943e+01
5.407999999999999829e+01
5.357999999999999829e+01
5.303000000000000114e+01
5.252000000000000313e+01
5.211999999999999744e+01
5.175000000000000000e+01
5.139000000000000057e+01
5.102000000000000313e+01
5.059000000000000341e+01
5.018999999999999773e+01
4.989000000000000057e+01
4.960999999999999943e+01
4.924000000000000199e+01
4.889000000000000057e+01
4.861999999999999744e+01
4.835000000000000142e+01
4.793999999999999773e+01
4.753999999999999915e+01
4.728999999999999915e+01
4.703999999999999915e+01
4.661999999999999744e+01
4.629999999999999716e+01
4.638000000000000256e+01
4.654999999999999716e+01
4.659000000000000341e+01
4.661999999999999744e+01
4.667000000000000171e+01
4.675999999999999801e+01
4.692999999999999972e+01
4.704999999999999716e+01
4.693999999999999773e+01
4.672999999999999687e+01
4.650999999999999801e+01
4.624000000000000199e+01
4.581000000000000227e+01
4.539000000000000057e+01
4.515999999999999659e+01
4.493999999999999773e+01
4.461999999999999744e+01
4.414000000000000057e+01
4.328000000000000114e+01
4.235000000000000142e+01
4.161999999999999744e+01
4.100999999999999801e+01
4.045000000000000284e+01
4.025999999999999801e+01
4.097999999999999687e+01
4.200000000000000000e+01
4.292000000000000171e+01
4.367999999999999972e+01
4.400000000000000000e+01
4.417999999999999972e+01
4.442999999999999972e+01
4.467000000000000171e+01
4.489000000000000057e+01
4.510999999999999943e+01
4.539000000000000057e+01
4.568999999999999773e+01
4.596999999999999886e+01
4.625999999999999801e+01
4.657000000000000028e+01
4.689999999999999858e+01
4.721000000000000085e+01
4.752000000000000313e+01
4.779999999999999716e+01
4.809000000000000341e+01
4.839000000000000057e+01
4.868999999999999773e+01
4.895000000000000284e+01
4.921000000000000085e+01
4.950999999999999801e+01
4.978000000000000114e+01
4.996999999999999886e+01
5.014000000000000057e+01
5.032000000000000028e+01
5.052000000000000313e+01
5.079999999999999716e+01
5.107999999999999829e+01
5.132999999999999829e+01
5.157000000000000028e+01
5.182000000000000028e+01
5.210999999999999943e+01
5.253000000000000114e+01
5.296999999999999886e+01
5.331000000000000227e+01
5.360000000000000142e+01
5.379999999999999716e+01
5.400000000000000000e+01
5.427000000000000313e+01
5.459000000000000341e+01
5.497999999999999687e+01
5.535000000000000142e+01
5.559000000000000341e+01
5.579999999999999716e+01
5.607000000000000028e+01
5.635000000000000142e+01
5.654999999999999716e+01
5.677000000000000313e+01
5.706000000000000227e+01
5.732999999999999829e+01
5.749000000000000199e+01
5.764000000000000057e+01
5.790999999999999659e+01
5.817999999999999972e+01
5.836999999999999744e+01
5.853000000000000114e+01
5.871000000000000085e+01
5.882999999999999829e+01
5.879999999999999716e+01
5.865999999999999659e+01
5.836999999999999744e+01
5.797999999999999687e+01
5.759000000000000341e+01
5.710000000000000142e+01
5.634000000000000341e+01
5.553000000000000114e+01
5.482000000000000028e+01
5.424000000000000199e+01
5.393999999999999773e+01
5.371000000000000085e+01
5.331000000000000227e+01
5.292999999999999972e+01
5.267000000000000171e+01
5.246999999999999886e+01
5.232999999999999829e+01
5.217000000000000171e+01
5.189000000000000057e+01
5.152000000000000313e+01
5.103999999999999915e+01
5.053000000000000114e+01
5.007999999999999829e+01
4.956000000000000227e+01
4.884000000000000341e+01
4.810000000000000142e+01
4.750000000000000000e+01
4.693999999999999773e+01
4.632999999999999829e+01
4.575999999999999801e+01
4.535000000000000142e+01
4.496000000000000085e+01
4.453000000000000114e+01
4.406000000000000227e+01
4.349000000000000199e+01
4.293999999999999773e+01
4.253000000000000114e+01
4.215999999999999659e+01
4.174000000000000199e+01
4.135000000000000142e+01
4.106000000000000227e+01
4.081000000000000227e+01
4.056000000000000227e+01
4.028000000000000114e+01
3.971000000000000085e+01
3.940999999999999659e+01
4.013000000000000256e+01
4.100999999999999801e+01
4.138000000000000256e+01
4.135999999999999943e+01
4.067999999999999972e+01
3.982000000000000028e+01
3.928999999999999915e+01
3.884000000000000341e+01
3.839000000000000057e+01
3.803999999999999915e+01
3.796000000000000085e+01
3.788000000000000256e+01
3.742000000000000171e+01
3.699000000000000199e+01
3.695000000000000284e+01
3.697999999999999687e+01
3.685999999999999943e+01
3.668999999999999773e+01
3.653999999999999915e+01
3.628000000000000114e+01
3.572999999999999687e+01
3.515999999999999659e+01
3.493999999999999773e+01
3.470000000000000284e+01
3.411999999999999744e+01
3.353999999999999915e+01
3.318999999999999773e+01
3.314000000000000057e+01
3.375000000000000000e+01
3.439000000000000057e+01
3.434000000000000341e+01
3.421999999999999886e+01
3.453000000000000114e+01
3.482000000000000028e+01
3.474000000000000199e+01
3.439999999999999858e+01
3.363000000000000256e+01
3.293999999999999773e+01
3.286999999999999744e+01
3.314000000000000057e+01
3.371999999999999886e+01
3.435000000000000142e+01
3.475000000000000000e+01
3.500999999999999801e+01
3.509000000000000341e+01
3.507999999999999829e+01
3.496999999999999886e+01
3.500999999999999801e+01
3.560999999999999943e+01
3.632999999999999829e+01
3.682000000000000028e+01
3.722999999999999687e+01
3.757000000000000028e+01
3.785999999999999943e+01
3.810000000000000142e+01
3.832999999999999829e+01
3.860000000000000142e+01
3.889000000000000057e+01
3.917999999999999972e+01
3.947999999999999687e+01
3.981000000000000227e+01
4.014999999999999858e+01
4.046000000000000085e+01
4.074000000000000199e+01
4.093999999999999773e+01
4.117000000000000171e+01
4.152000000000000313e+01
4.189999999999999858e+01
4.222999999999999687e+01
4.253999999999999915e+01
4.284000000000000341e+01
4.313000000000000256e+01
4.339999999999999858e+01
4.367999999999999972e+01
4.400000000000000000e+01
4.432000000000000028e+01
4.459000000000000341e+01
4.484000000000000341e+01
4.506000000000000227e+01
4.531000000000000227e+01
4.571000000000000085e+01
4.611999999999999744e+01
4.635999999999999943e+01
4.656000000000000227e+01
4.678999999999999915e+01
4.703999999999999915e+01
4.735000000000000142e+01
4.767000000000000171e+01
4.795000000000000284e+01
4.821000000000000085e+01
4.845000000000000284e+01
4.868999999999999773e+01
4.902000000000000313e+01
4.932000000000000028e+01
4.946999999999999886e+01
4.960000000000000142e+01
4.982999999999999829e+01
5.007000000000000028e+01
5.028999999999999915e+01
5.052000000000000313e+01
5.078999999999999915e+01
5.104999999999999716e+01
5.128999999999999915e+01
5.152000000000000313e+01
5.181000000000000227e+01
5.207999999999999829e+01
5.225000000000000000e+01
5.238000000000000256e+01
5.245000000000000284e+01
5.257000000000000028e+01
5.285000000000000142e+01
5.314999999999999858e+01
5.329999999999999716e+01
5.340999999999999659e+01
5.353000000000000114e+01
5.364999999999999858e+01
5.385999999999999943e+01
5.392999999999999972e+01
5.342999999999999972e+01
5.297999999999999687e+01
5.314000000000000057e+01
5.353999999999999915e+01
5.403999999999999915e+01
5.452000000000000313e+01
5.475000000000000000e+01
5.489000000000000057e+01
5.503999999999999915e+01
5.517000000000000171e+01
5.525999999999999801e+01
5.535000000000000142e+01
5.549000000000000199e+01
5.564999999999999858e+01
5.585000000000000142e+01
5.600999999999999801e+01
5.607999999999999829e+01
5.602000000000000313e+01
5.577000000000000313e+01
5.536999999999999744e+01
5.481000000000000227e+01
5.414999999999999858e+01
5.345000000000000284e+01
5.271999999999999886e+01
5.199000000000000199e+01
5.125999999999999801e+01
5.056000000000000227e+01
4.988000000000000256e+01
4.921999999999999886e+01
4.861999999999999744e+01
4.815999999999999659e+01
4.775999999999999801e+01
4.740999999999999659e+01
4.702000000000000313e+01
4.646999999999999886e+01
4.590999999999999659e+01
4.543999999999999773e+01
4.502000000000000313e+01
4.463000000000000256e+01
4.425999999999999801e+01
4.389000000000000057e+01
4.350999999999999801e+01
4.307999999999999829e+01
4.265999999999999659e+01
4.232000000000000028e+01
4.196999999999999886e+01
4.146999999999999886e+01
4.100999999999999801e+01
4.089000000000000057e+01
4.064000000000000057e+01
3.960999999999999943e+01
3.856000000000000227e+01
3.809000000000000341e+01
3.800000000000000000e+01
3.839000000000000057e+01
3.897999999999999687e+01
3.952000000000000313e+01
3.999000000000000199e+01
4.028999999999999915e+01
4.043999999999999773e+01
4.034000000000000341e+01
4.034000000000000341e+01
4.090999999999999659e+01
4.150000000000000000e+01
4.152000000000000313e+01
4.146000000000000085e+01
4.168999999999999773e+01
4.202000000000000313e+01
4.240999999999999659e+01
4.277000000000000313e+01
4.297999999999999687e+01
4.313000000000000256e+01
4.328999999999999915e+01
4.349000000000000199e+01
4.381000000000000227e+01
4.417999999999999972e+01
4.461999999999999744e+01
4.503999999999999915e+01
4.535999999999999943e+01
4.564000000000000057e+01
4.592999999999999972e+01
4.621000000000000085e+01
4.647999999999999687e+01
4.670000000000000284e+01
4.682000000000000028e+01
4.692000000000000171e+01
4.702000000000000313e+01
4.714000000000000057e+01
4.739000000000000057e+01
4.749000000000000199e+01
4.715999999999999659e+01
4.665999999999999659e+01
4.610000000000000142e+01
4.572999999999999687e+01
4.592000000000000171e+01
4.632000000000000028e+01
4.675000000000000000e+01
4.710999999999999943e+01
4.717999999999999972e+01
4.725999999999999801e+01
4.767000000000000171e+01
4.807000000000000028e+01
4.821000000000000085e+01
4.814999999999999858e+01
4.782000000000000028e+01
4.734000000000000341e+01
4.678999999999999915e+01
4.629999999999999716e+01
4.607000000000000028e+01
4.606000000000000227e+01
4.636999999999999744e+01
4.679999999999999716e+01
4.718999999999999773e+01
4.750000000000000000e+01
4.759000000000000341e+01
4.767000000000000171e+01
4.792999999999999972e+01
4.824000000000000199e+01
4.850999999999999801e+01
4.878000000000000114e+01
4.902000000000000313e+01
4.924000000000000199e+01
4.946999999999999886e+01
4.967000000000000171e+01
4.981000000000000227e+01
4.995000000000000284e+01
5.017000000000000171e+01
5.045000000000000284e+01
5.078999999999999915e+01
5.111999999999999744e+01
5.132000000000000028e+01
5.160000000000000142e+01
5.231000000000000227e+01
5.295000000000000284e+01
5.303999999999999915e+01
5.300999999999999801e+01
5.322999999999999687e+01
5.347999999999999687e+01
5.359000000000000341e+01
5.370000000000000284e+01
5.389000000000000057e+01
5.413000000000000256e+01
5.445000000000000284e+01
5.478999999999999915e+01
5.510999999999999943e+01
5.540999999999999659e+01
5.571000000000000085e+01
5.596999999999999886e+01
5.614000000000000057e+01
5.632999999999999829e+01
5.667000000000000171e+01
5.700000000000000000e+01
5.711999999999999744e+01
5.725999999999999801e+01
5.760999999999999943e+01
5.803999999999999915e+01
5.852000000000000313e+01
5.892999999999999972e+01
5.906000000000000227e+01
5.915999999999999659e+01
5.946000000000000085e+01
5.977000000000000313e+01
5.989999999999999858e+01
6.007000000000000028e+01
6.053000000000000114e+01
6.100000000000000000e+01
6.122999999999999687e+01
6.139999999999999858e+01
6.160999999999999943e+01
6.184000000000000341e+01
6.213000000000000256e+01
6.240999999999999659e+01
6.264999999999999858e+01
6.285999999999999943e+01
6.306000000000000227e+01
6.328999999999999915e+01
6.363000000000000256e+01
6.396000000000000085e+01
6.417000000000000171e+01
6.434000000000000341e+01
6.456000000000000227e+01
6.479999999999999716e+01
6.509999999999999432e+01
6.540000000000000568e+01
6.562000000000000455e+01
6.579000000000000625e+01
6.585999999999999943e+01
6.595999999999999375e+01
6.626999999999999602e+01
6.660999999999999943e+01
6.682999999999999829e+01
6.703000000000000114e+01
6.723000000000000398e+01
6.745000000000000284e+01
6.773000000000000398e+01
6.795999999999999375e+01
6.801999999999999602e+01
6.801000000000000512e+01
6.803000000000000114e+01
6.795999999999999375e+01
6.771999999999999886e+01
6.737999999999999545e+01
6.703000000000000114e+01
6.659999999999999432e+01
6.595999999999999375e+01
6.529000000000000625e+01
6.478000000000000114e+01
6.426000000000000512e+01
6.353000000000000114e+01
6.282999999999999829e+01
6.239999999999999858e+01
6.207999999999999829e+01
6.179999999999999716e+01
6.152000000000000313e+01
6.117000000000000171e+01
6.082999999999999829e+01
6.056000000000000227e+01
6.035000000000000142e+01
6.022999999999999687e+01
6.010000000000000142e+01
5.982000000000000028e+01
5.963000000000000256e+01
5.981000000000000227e+01
6.007999999999999829e+01
6.017000000000000171e+01
6.022999999999999687e+01
6.035000000000000142e+01
6.046999999999999886e+01
6.057000000000000028e+01
6.057999999999999829e+01
6.036999999999999744e+01
6.004999999999999716e+01
5.972999999999999687e+01
5.934000000000000341e+01
5.889000000000000057e+01
5.832000000000000028e+01
5.752000000000000313e+01
5.670000000000000284e+01
5.600000000000000000e+01
5.540999999999999659e+01
5.500000000000000000e+01
5.457999999999999829e+01
5.397999999999999687e+01
5.332000000000000028e+01
5.271000000000000085e+01
5.204999999999999716e+01
5.118999999999999773e+01
5.031000000000000227e+01
4.957999999999999829e+01
4.885999999999999943e+01
4.796000000000000085e+01
4.717000000000000171e+01
4.679999999999999716e+01
4.654999999999999716e+01
4.621000000000000085e+01
4.581000000000000227e+01
4.521000000000000085e+01
4.459000000000000341e+01
4.414000000000000057e+01
4.368999999999999773e+01
4.304999999999999716e+01
4.250000000000000000e+01
4.246000000000000085e+01
4.235000000000000142e+01
4.160999999999999943e+01
4.060000000000000142e+01
3.936999999999999744e+01
3.838000000000000256e+01
3.834000000000000341e+01
3.857000000000000028e+01
3.854999999999999716e+01
3.846000000000000085e+01
3.840999999999999659e+01
3.820000000000000284e+01
3.750000000000000000e+01
3.685000000000000142e+01
3.689000000000000057e+01
3.707000000000000028e+01
3.692999999999999972e+01
3.679999999999999716e+01
3.684000000000000341e+01
3.697999999999999687e+01
3.729999999999999716e+01
3.753000000000000114e+01
3.728000000000000114e+01
3.700000000000000000e+01
3.714000000000000057e+01
3.729999999999999716e+01
3.704999999999999716e+01
3.684000000000000341e+01
3.700000000000000000e+01
3.735000000000000142e+01
3.792999999999999972e+01
3.846000000000000085e+01
3.856000000000000227e+01
3.853000000000000114e+01
3.842999999999999972e+01
3.850000000000000000e+01
3.928000000000000114e+01
4.003999999999999915e+01
3.999000000000000199e+01
3.984000000000000341e+01
4.032999999999999829e+01
4.065999999999999659e+01
4.000999999999999801e+01
3.917999999999999972e+01
3.877000000000000313e+01
3.850999999999999801e+01
3.825999999999999801e+01
3.825999999999999801e+01
3.865999999999999659e+01
3.957999999999999829e+01
4.146999999999999886e+01
4.350000000000000000e+01
4.474000000000000199e+01
4.595000000000000284e+01
4.786999999999999744e+01
4.957999999999999829e+01
5.007000000000000028e+01
5.025999999999999801e+01
5.100999999999999801e+01
5.157999999999999829e+01
5.139000000000000057e+01
5.081000000000000227e+01
4.992999999999999972e+01
4.903000000000000114e+01
4.846999999999999886e+01
4.807000000000000028e+01
4.771000000000000085e+01
4.743999999999999773e+01
4.728000000000000114e+01
4.725000000000000000e+01
4.742999999999999972e+01
4.764999999999999858e+01
4.770000000000000284e+01
4.778000000000000114e+01
4.803999999999999915e+01
4.835999999999999943e+01
4.867999999999999972e+01
4.896999999999999886e+01
4.911999999999999744e+01
4.928000000000000114e+01
4.965999999999999659e+01
5.003000000000000114e+01
5.020000000000000284e+01
5.020000000000000284e+01
4.982000000000000028e+01
4.957000000000000028e+01
5.017000000000000171e+01
5.082999999999999829e+01
5.082999999999999829e+01
5.072999999999999687e+01
5.088000000000000256e+01
5.121000000000000085e+01
5.182999999999999829e+01
5.252000000000000313e+01
5.314999999999999858e+01
5.368999999999999773e+01
5.402000000000000313e+01
5.427000000000000313e+01
5.457999999999999829e+01
5.486999999999999744e+01
5.510000000000000142e+01
5.534000000000000341e+01
5.564999999999999858e+01
5.596999999999999886e+01
5.632000000000000028e+01
5.663000000000000256e+01
5.679999999999999716e+01
5.689999999999999858e+01
5.699000000000000199e+01
5.707999999999999829e+01
5.722999999999999687e+01
5.740999999999999659e+01
5.765999999999999659e+01
5.789999999999999858e+01
5.800999999999999801e+01
5.810000000000000142e+01
5.827000000000000313e+01
5.839999999999999858e+01
5.832000000000000028e+01
5.829999999999999716e+01
5.867999999999999972e+01
5.914000000000000057e+01
5.946999999999999886e+01
5.975000000000000000e+01
5.996999999999999886e+01
6.017999999999999972e+01
6.039000000000000057e+01
6.064000000000000057e+01
6.100999999999999801e+01
6.132999999999999829e+01
6.138000000000000256e+01
6.135000000000000142e+01
6.139000000000000057e+01
6.143999999999999773e+01
6.150000000000000000e+01
6.165999999999999659e+01
6.210000000000000142e+01
6.259000000000000341e+01
6.292999999999999972e+01
6.315999999999999659e+01
6.318999999999999773e+01
6.322999999999999687e+01
6.356000000000000227e+01
6.385000000000000142e+01
6.367000000000000171e+01
6.346000000000000085e+01
6.360000000000000142e+01
6.382000000000000028e+01
6.396000000000000085e+01
6.410999999999999943e+01
6.434000000000000341e+01
6.459000000000000341e+01
6.481999999999999318e+01
6.510999999999999943e+01
6.565999999999999659e+01
6.615000000000000568e+01
6.629999999999999716e+01
6.629000000000000625e+01
6.620999999999999375e+01
6.615999999999999659e+01
6.634999999999999432e+01
6.656000000000000227e+01
6.656000000000000227e+01
6.656999999999999318e+01
6.679000000000000625e+01
6.701000000000000512e+01
6.704000000000000625e+01
6.709999999999999432e+01
6.740000000000000568e+01
6.773000000000000398e+01
6.793999999999999773e+01
6.814000000000000057e+01
6.842000000000000171e+01
6.865000000000000568e+01
6.868999999999999773e+01
6.867000000000000171e+01
6.867000000000000171e+01
6.865000000000000568e+01
6.854999999999999716e+01
6.854999999999999716e+01
6.895999999999999375e+01
6.934999999999999432e+01
6.923999999999999488e+01
6.904999999999999716e+01
6.909000000000000341e+01
6.923000000000000398e+01
6.956999999999999318e+01
6.987000000000000455e+01
6.984999999999999432e+01
6.976999999999999602e+01
6.985999999999999943e+01
6.987000000000000455e+01
6.948000000000000398e+01
6.909000000000000341e+01
6.912999999999999545e+01
6.923999999999999488e+01
6.929999999999999716e+01
6.915000000000000568e+01
6.846999999999999886e+01
6.762000000000000455e+01
6.687000000000000455e+01
6.615000000000000568e+01
6.550000000000000000e+01
6.487999999999999545e+01
6.418000000000000682e+01
6.364999999999999858e+01
6.360999999999999943e+01
6.375000000000000000e+01
6.382000000000000028e+01
6.390999999999999659e+01
6.403000000000000114e+01
6.404000000000000625e+01
6.375999999999999801e+01
6.339000000000000057e+01
6.310000000000000142e+01
6.285999999999999943e+01
6.271999999999999886e+01
6.264999999999999858e+01
6.263000000000000256e+01
6.263000000000000256e+01
6.256000000000000227e+01
6.242999999999999972e+01
6.221000000000000085e+01
6.195000000000000284e+01
6.170000000000000284e+01
6.147999999999999687e+01
6.132999999999999829e+01
6.127000000000000313e+01
6.143999999999999773e+01
6.154999999999999716e+01
6.115999999999999659e+01
6.075000000000000000e+01
6.075000000000000000e+01
6.081000000000000227e+01
6.064000000000000057e+01
6.036999999999999744e+01
6.002000000000000313e+01
5.967999999999999972e+01
5.947999999999999687e+01
5.929999999999999716e+01
5.906000000000000227e+01
5.885999999999999943e+01
5.882999999999999829e+01
5.879999999999999716e+01
5.867999999999999972e+01
5.849000000000000199e+01
5.818999999999999773e+01
5.781000000000000227e+01
5.732000000000000028e+01
5.682999999999999829e+01
5.652000000000000313e+01
5.615999999999999659e+01
5.542999999999999972e+01
5.471999999999999886e+01
5.442000000000000171e+01
5.421999999999999886e+01
5.393999999999999773e+01
5.371000000000000085e+01
5.365999999999999659e+01
5.357999999999999829e+01
5.321999999999999886e+01
5.286999999999999744e+01
5.288000000000000256e+01
5.292000000000000171e+01
5.275000000000000000e+01
5.249000000000000199e+01
5.210999999999999943e+01
5.178999999999999915e+01
5.185999999999999943e+01
5.193999999999999773e+01
5.164000000000000057e+01
5.129999999999999716e+01
5.117000000000000171e+01
5.110999999999999943e+01
5.111999999999999744e+01
5.104999999999999716e+01
5.064999999999999858e+01
5.025000000000000000e+01
5.018999999999999773e+01
5.021999999999999886e+01
5.015999999999999659e+01
5.010999999999999943e+01
5.015999999999999659e+01
5.013000000000000256e+01
4.982000000000000028e+01
4.945000000000000284e+01
4.921000000000000085e+01
4.896999999999999886e+01
4.857000000000000028e+01
4.831000000000000227e+01
4.882000000000000028e+01
4.900999999999999801e+01
4.752000000000000313e+01
4.574000000000000199e+01
4.482000000000000028e+01
4.424000000000000199e+01
4.375000000000000000e+01
4.360999999999999943e+01
4.457999999999999829e+01
4.493999999999999773e+01
4.290999999999999659e+01
3.939999999999999858e+01
3.315999999999999659e+01
2.892999999999999972e+01
3.342000000000000171e+01
3.959000000000000341e+01
4.182999999999999829e+01
4.271000000000000085e+01
4.275000000000000000e+01
4.256000000000000227e+01
4.321999999999999886e+01
4.378999999999999915e+01
4.340999999999999659e+01
4.289999999999999858e+01
4.292999999999999972e+01
4.309000000000000341e+01
4.147999999999999687e+01
4.317000000000000171e+01
5.556000000000000227e+01
6.967000000000000171e+01
7.978000000000000114e+01
8.353000000000000114e+01
7.281999999999999318e+01
5.914999999999999858e+01
5.303999999999999915e+01
4.934000000000000341e+01
4.635000000000000142e+01
4.432999999999999829e+01
4.303000000000000114e+01
4.224000000000000199e+01
4.164000000000000057e+01
4.122999999999999687e+01
4.092000000000000171e+01
4.067999999999999972e+01
4.046999999999999886e+01
4.025999999999999801e+01
4.000000000000000000e+01
3.975999999999999801e+01
3.964000000000000057e+01
3.953999999999999915e+01
3.939000000000000057e+01
3.922999999999999687e+01
3.906000000000000227e+01
3.892999999999999972e+01
3.889000000000000057e+01
3.885000000000000142e+01
3.872999999999999687e+01
3.859000000000000341e+01
3.849000000000000199e+01
3.839999999999999858e+01
3.832000000000000028e+01
3.824000000000000199e+01
3.811999999999999744e+01
3.799000000000000199e+01
3.788000000000000256e+01
3.778999999999999915e+01
3.771000000000000085e+01
3.764000000000000057e+01
3.753999999999999915e+01
